NASZ FPU DODAWANIE
769
213
122
115
126
115
117
113
112
118
114
117
115
116
118
113
114
114
117
113
115
113
116
114
118
114
112
116
112
113
118
114
117
112
117
115
118
114
117
112
113
112
114
114
114
113
115
121
113
112
ORYGINALNY FPU DODAWANIE
42
23
24
22
24
24
22
23
22
22
24
23
21
23
23
23
24
22
22
22
23
22
23
23
22
24
22
23
23
24
23
23
24
22
24
22
24
23
23
22
23
23
23
22
22
23
24
24
24
23
NASZ FPU MNOŻENIE
542
81
49
48
50
49
49
49
51
50
51
48
50
53
50
52
79
50
50
49
50
50
50
50
49
50
49
49
52
48
50
48
48
48
50
52
49
48
49
50
50
51
50
51
50
53
48
51
50
53
ORYGINALNY FPU MNOŻENIE
40
22
23
22
24
23
24
24
24
24
24
22
22
24
23
23
24
22
24
22
22
22
23
23
23
22
22
23
24
23
22
23
24
22
23
24
23
23
22
23
24
24
23
23
23
22
24
24
22
24
NASZ FPU Dzielenie
484
125
113
112
108
108
109
137
106
106
108
107
107
112
108
108
108
108
108
111
112
108
108
114
108
107
113
107
109
108
108
107
109
108
107
108
107
108
107
107
108
108
112
108
108
113
108
108
107
107
ORYGINALNY FPU Dzielenie
43
32
24
24
22
22
22
22
22
23
23
23
22
23
23
23
22
23
23
22
23
24
24
23
23
22
23
24
22
22
24
24
22
24
24
22
22
23
22
23
22
22
22
22
24
24
23
23
21
23
